Results from the 42nd iteration     date:15/05/22
------------------------------------------------------------------------
Parameters of the run are : 
m=0 mu=19 lambda=0.72 lambdaQCD=0.234 gamma=0.48 eta=1.8

Parameters for the integartions are : 
nCheby=50 nLeg=1000 pMin=0.001 pMax=1000.0
 
Degree of convergence : 3.0418957160319346e-06
 
Current value for Z2 : 0.9849070687626587

Graph for A(p) and M(p) :
p                         A(p)                      M(p)                     
0.0010000000000000002     1.5510027020690853        0.4757124684141181       
0.0013182567385564082     1.5510028294699716        0.4757119372187358       
0.001737800828749375      1.5510030508660824        0.475711014108579        
0.0022908676527677737     1.551003435602349         0.47570940993264366      
0.0030199517204020166     1.5510041041808276        0.4757066222108641       
0.003981071705534972      1.5510052659854623        0.47570177775599737      
0.005248074602497728      1.5510072848152763        0.4756933592101575       
0.006918309709189366      1.551010792670166         0.4756787299129243       
0.009120108393559105      1.5510168872065997        0.4756533084931632       
0.012022644346174125      1.5510274740195586        0.4756091353111156       
0.01584893192461114       1.5510458588764966        0.47553238374652873      
0.020892961308540386      1.551077769106224         0.4753990429357226       
0.02754228703338166       1.5511331050567472        0.47516743821855495      
0.03630780547701015       1.5512289129400476        0.47476530243349624      
0.047863009232263866      1.5513943379873953        0.474067516751723        
0.06309573444801932       1.5516785932106927        0.4728580535045834       
0.08317637711026711       1.5521629022149772        0.47076570459972267      
0.10964781961431853       1.552975624122106         0.46715790288540915      
0.1445439770745927        1.5543021819964145        0.46097225602725955      
0.19054607179632477       1.5563562192696496        0.4504692918123969       
0.2511886431509581        1.5592067803160201        0.43292599582028424      
0.33113112148259105       1.562187136012262         0.40441164284955133      
0.436515832240166         1.5623464488382133        0.3600735091810005       
0.5754399373371571        1.5515660037965266        0.29580918839517945      
0.7585775750291835        1.5147394320641316        0.21246870558671582      
1.0                       1.438479590229593         0.12249687605442022      
1.3182567385564075        1.3336427921836138        0.05133348070388009      
1.7378008287493762        1.2334943645813954        0.016130626623454294     
2.2908676527677745        1.1566374103459272        0.005542316212705233     
3.0199517204020143        1.1026142058482067        0.002564991702565389     
3.981071705534971         1.0663033182566806        0.0013007547159185281    
5.2480746024977245        1.0424749327237504        0.0006696169887661296    
6.918309709189367         1.0270738569581217        0.0003406475845112437    
9.120108393559098         1.0170281548745699        0.0001656400479726389    
12.022644346174138        1.0082766369135439        7.100514372087582e-05    
15.848931924611122        1.002080800229118         1.9949218835011206e-05   
20.892961308540382        0.9993354660964102        -7.478317071634669e-06   
27.54228703338165         0.9975179304581709        -2.21419868346786e-05    
36.30780547701014         0.9959141220043886        -2.9805738237655153e-05  
47.863009232263856        0.9944891104092057        -3.362613800471364e-05   
63.095734448019364        0.9932195805455448        -3.534370323680905e-05   
83.17637711026705         0.9920813750967601        -3.591917981487214e-05   
109.64781961431841        0.9910546124724646        -3.58831447419685e-05    
144.54397707459273        0.9901232289241486        -3.552827465961394e-05   
190.54607179632464        0.9892740442431394        -3.5015456953652166e-05  
251.18864315095806        0.9884960310186719        -3.4432488385441855e-05  
331.1311214825911         0.9877796986151788        -3.3826593207775915e-05  
436.5158322401654         0.9871164631787459        -3.322241181027177e-05   
575.4399373371566         0.9864977321174337        -3.2631832210476475e-05  
758.5775750291831         0.9859126551861916        -3.205893382693016e-05   
999.9999999999998         0.9853555505661562        -3.149947935094403e-05   
