Results from the 41st iteration     date:15/05/22
------------------------------------------------------------------------
Parameters of the run are : 
m=0 mu=19 lambda=0.72 lambdaQCD=0.234 gamma=0.48 eta=1.8

Parameters for the integartions are : 
nCheby=50 nLeg=1000 pMin=0.001 pMax=1000.0
 
Degree of convergence : 4.413785234663294e-06
 
Current value for Z2 : 0.9849070687626689

Graph for A(p) and M(p) :
p                         A(p)                      M(p)                     
0.0010000000000000002     1.5510027748946842        0.4757125223609474       
0.0013182567385564082     1.55100290229549          0.4757119911655598       
0.001737800828749375      1.551003123690924         0.4757110680555792       
0.0022908676527677737     1.5510035084264586        0.47570946387979895      
0.0030199517204020166     1.5510041770031775        0.47570667615845336      
0.003981071705534972      1.5510053388047929        0.47570183170431896      
0.005248074602497728      1.551007357629181         0.47569341315980573      
0.006918309709189366      1.551010865474878         0.4756787838648119       
0.009120108393559105      1.5510169599953745        0.4756533624489245       
0.012022644346174125      1.5510275467806227        0.4756091892736163       
0.01584893192461114       1.551045931589322         0.4755324377207655       
0.020892961308540386      1.551077841735354         0.4753990969303061       
0.02754228703338166       1.5511331775406163        0.4751674922484246       
0.03630780547701015       1.5512289851719616        0.47476535652449847      
0.047863009232263866      1.5513944097829293        0.47406757094838187      
0.06309573444801932       1.551678664252352         0.47285810788309934      
0.08317637711026711       1.5521629719600323        0.4707657592890143       
0.10964781961431853       1.552975691654016         0.46715795809926525      
0.1445439770745927        1.55430224580083          0.46097231210747847      
0.19054607179632477       1.556356276941048         0.45046934926971843      
0.2511886431509581        1.5592068283038183        0.4329260553212216       
0.33113112148259105       1.5621871697942364        0.4044117050171271       
0.436515832240166         1.562346464402912         0.36007357398836937      
0.5754399373371571        1.5515660013720913        0.29580925402590885      
0.7585775750291835        1.5147394201308104        0.2124687671458951       
1.0                       1.4384795814312006        0.12249692531215316      
1.3182567385564075        1.333642790064736         0.051333510125724305     
1.7378008287493762        1.2334943644719896        0.016130638543587945     
2.2908676527677745        1.1566374103393102        0.005542320205841053     
3.0199517204020143        1.1026142058464958        0.0025649933619281075    
3.981071705534971         1.0663033182562807        0.0013007555328995043    
5.2480746024977245        1.0424749327236367        0.0006696174059684534    
6.918309709189367         1.0270738569581           0.00034064779668768324   
9.120108393559098         1.0170281548745705        0.0001656401513927845    
12.022644346174138        1.0082766369135516        7.100518804464643e-05    
15.848931924611122        1.002080800229128         1.9949231254480712e-05   
20.892961308540382        0.9993354660964204        -7.478321749609626e-06   
27.54228703338165         0.9975179304581812        -2.2142000610257622e-05  
36.30780547701014         0.9959141220043988        -2.980575668434913e-05   
47.863009232263856        0.9944891104092162        -3.362615867517044e-05   
63.095734448019364        0.9932195805455553        -3.534372478874161e-05   
83.17637711026705         0.9920813750967703        -3.5919201522392984e-05  
109.64781961431841        0.9910546124724751        -3.588316622236078e-05   
144.54397707459273        0.990123228924159         -3.552829572041384e-05   
190.54607179632464        0.9892740442431496        -3.501547750703741e-05   
251.18864315095806        0.9884960310186821        -3.443250840033909e-05   
331.1311214825911         0.987779698615189         -3.3826612683101184e-05  
436.5158322401654         0.9871164631787561        -3.322243075997151e-05   
575.4399373371566         0.9864977321174442        -3.263185065504826e-05   
758.5775750291831         0.9859126551862019        -3.205895178814244e-05   
999.9999999999998         0.9853555505661664        -3.1499496845795725e-05  
