Results from the 62nd iteration     date:15/05/22
------------------------------------------------------------------------
Parameters of the run are : 
m=0.13642303097683633 mu=1 lambda=0.72 lambdaQCD=0.234 gamma=0.48 eta=1.8

Parameters for the integartions are : 
nCheby=50 nLeg=1000 pMin=0.001 pMax=1000.0
 
Degree of convergence : 0.0018125419606077635
 
Current value for Z2 : 0.6854695681357509

Graph for A(p) and M(p) :
p                         A(p)                      M(p)                     
0.0010000000000000002     1.0863360019395518        0.4892925123697337       
0.0013182567385564082     1.0863360570962968        0.48929199384147104      
0.001737800828749375      1.0863361529465583        0.48929109274437543      
0.0022908676527677737     1.0863363195120765        0.4892895268221496       
0.0030199517204020166     1.0863366089604           0.4892868055765018       
0.003981071705534972      1.0863371119353213        0.48928207663981305      
0.005248074602497728      1.0863379859193238        0.48927385882937635      
0.006918309709189366      1.0863395044688025        0.4892595783333757       
0.009120108393559105      1.0863421426184905        0.4892347629492291       
0.012022644346174125      1.08634672482123          0.4891916425999551       
0.01584893192461114       1.0863546806028488        0.48911671963352266      
0.020892961308540386      1.0863684845087458        0.488986553497471        
0.02754228703338166       1.086392407580572         0.48876045648942545      
0.03630780547701015       1.0864337839116853        0.4883678641532918       
0.047863009232263866      1.0865050932557838        0.4876865792941516       
0.06309573444801932       1.0866272249780873        0.48650553982811295      
0.08317637711026711       1.0868340899476592        0.4844618354249348       
0.10964781961431853       1.0871774985220815        0.4809363470644764       
0.1445439770745927        1.0877265034241597        0.474887265274005        
0.19054607179632477       1.0885404113828145        0.46460319078147433      
0.2511886431509581        1.0895526098469484        0.4473900167066358       
0.33113112148259105       1.0902024290461054        0.4193216211500113       
0.436515832240166         1.0884901085173309        0.3754687532274371       
0.5754399373371571        1.0791982787025098        0.31149483721520793      
0.7585775750291835        1.0526595868625575        0.2278300317444892       
1.0                       1.0                       0.13642303097683633      
1.3182567385564075        0.9278455621939609        0.06264402035538219      
1.7378008287493762        0.8584380061808986        0.02476303398102697      
2.2908676527677745        0.8049809421474353        0.012482144411910777     
3.0199517204020143        0.7673867454436897        0.008575660858932849     
3.981071705534971         0.7421169298239724        0.00673130955921999      
5.2480746024977245        0.7255337855977845        0.005695051753141825     
6.918309709189367         0.7148154829886469        0.005064424842747492     
9.120108393559098         0.7078242060746106        0.004656737269749524     
12.022644346174138        0.7017336024951987        0.004356968683130989     
15.848931924611122        0.6974216171122617        0.004126508647758105     
20.892961308540382        0.695511004336875         0.003954664891840155     
27.54228703338165         0.6942460917944951        0.003814155810143433     
36.30780547701014         0.6931299223459085        0.0036924564941565154    
47.863009232263856        0.6921381863513006        0.003584580854033845     
63.095734448019364        0.691254657708919         0.0034873993639704236    
83.17637711026705         0.6904625241738825        0.0033988011938456603    
109.64781961431841        0.6897479491803146        0.0033173122115445408    
144.54397707459273        0.6890997531816708        0.003241857895205873     
190.54607179632464        0.6885087634260271        0.003171620410145321     
251.18864315095806        0.6879673053978012        0.0031059514211684144    
331.1311214825911         0.6874687740977427        0.003044315635144192     
436.5158322401654         0.6870071955996134        0.0029862492553456607    
575.4399373371566         0.6865765898948363        0.0029313187937793413    
758.5775750291831         0.6861694057607591        0.0028790493260110006    
999.9999999999998         0.6857816889390013        0.002828593245085172     
